V 51
K 94926744390 d1
|R 18:55_9-29-03
Y 1
D 0 0 40 100
Z 10
i 2
U 0 -70 10 0 3 0 PKG_TYPE=59-03
U 40 35 15 0 1 0 MODEL=D1N914
U 40 40 20 0 3 0 REFDES=D?
U 0 -60 10 0 3 0 PREFIX=D
U 0 -50 10 0 3 0 PINOFF
U 0 -40 10 0 3 0 ORDER=MODEL$ AREA$
U 0 -30 10 0 3 0 PINORDER=P N
U 0 -80 10 0 3 0 PARTS=1
P 1 20 100 20 55 0 0 0
L 25 70 10 0 3 0 0 0 N
A 25 85 10 0 3 0 #=1
A 30 70 10 0 3 0 PINTYPE=OUT
P 2 20 0 20 35 0 1 0
L 25 20 10 0 1 0 0 0 P
A 25 15 10 0 1 0 #=2
A 25 -10 10 0 3 0 PINTYPE=IN
l 2 16 35 16 47
l 2 18 35 18 49
l 4 10 35 20 55 30 35 10 35
l 2 14 35 14 41
l 2 12 35 12 37
l 2 28 35 28 37
l 2 26 35 26 41
l 2 24 35 24 45
l 2 22 35 22 49
l 2 20 35 20 53
l 2 30 55 10 55
E
