V 51
K 325526400100 dvar
|R 17:44_10-5-04
Y 1
D 0 0 100 120
Z 10
i 3
U 80 40 15 0 1 0 MODEL=NO_MODEL
U 0 -60 10 0 3 0 PKG_TYPE=TO-5
U 80 50 20 0 3 0 REFDES=D?
U 0 -50 10 0 3 0 PINOFF
U 0 -20 10 0 3 0 PINORDER=P N
U 0 -40 10 0 3 0 PREFIX=D
U 0 -30 10 0 3 0 ORDER=MODEL$
U 0 -70 10 0 3 0 PARTS=1
P 2 30 0 30 45 0 1 0
A 40 0 10 0 1 0 PINTYPE=OUT
A 40 20 10 0 1 0 #=2
L 35 20 10 3 1 0 0 0 N
P 1 30 120 30 65 0 0 0
A 40 130 10 0 1 0 PINTYPE=IN
A 40 110 10 0 1 0 #=1
L 35 90 10 3 9 0 0 0 P
l 2 65 70 80 90
l 4 40 65 30 45 20 65 40 65
l 2 20 45 40 45
l 2 30 65 30 47
l 2 28 65 28 51
l 2 26 65 26 55
l 2 24 65 24 59
l 2 22 65 22 63
l 2 32 65 32 51
l 2 34 65 34 53
l 2 36 65 36 59
l 2 38 65 38 63
c 30 55 20
l 2 70 65 60 75
l 4 60 75 52 57 70 65 70 65
l 2 56 67 62 73
l 2 54 61 64 71
l 2 56 59 66 69
l 2 62 61 68 67
P 3 100 90 80 90 0 3 0
L 90 90 10 0 3 0 0 0 SEL
A 100 90 10 0 9 0 #
A 100 90 10 0 9 0 PINTYPE=IN
E
