V 51
K 325526400100 dvar
|R 17:42_10-5-04
Y 1
D 0 0 100 100
Z 10
i 4
U 80 40 15 0 1 0 MODEL=NO_MODEL
U 0 -60 10 0 3 0 PKG_TYPE=TO-5
U 80 50 20 0 3 0 REFDES=D?
U 0 -50 10 0 3 0 PINOFF
U 0 -20 10 0 3 0 PINORDER=P N
U 0 -40 10 0 3 0 PREFIX=D
U 0 -30 10 0 3 0 ORDER=MODEL$
U 0 -70 10 0 3 0 PARTS=1
P 1 0 40 35 40 0 2 0
A -30 50 10 1 1 0 PINTYPE=IN
A -10 50 10 1 1 0 #=1
L 10 45 10 0 9 0 0 0 P
P 2 100 40 55 40 0 3 0
A 100 50 10 1 1 0 PINTYPE=OUT
A 80 50 10 1 1 0 #=2
L 80 45 10 0 1 0 0 0 N
l 2 30 75 20 90
l 4 35 50 55 40 35 30 35 50
l 2 55 30 55 50
l 2 35 40 53 40
l 2 35 38 49 38
l 2 35 36 45 36
l 2 35 34 41 34
l 2 35 32 37 32
l 2 35 42 49 42
l 2 35 44 47 44
l 2 35 46 41 46
l 2 35 48 37 48
c 45 40 20
l 2 35 80 25 70
l 4 25 70 43 62 35 80 35 80
l 2 33 66 27 72
l 2 39 64 29 74
l 2 41 66 31 76
l 2 39 72 33 78
P 3 0 90 20 90 0 2 0
L 10 90 10 0 3 0 0 0 SEL
A 0 90 10 0 3 0 #
A 0 90 10 0 3 0 PINTYPE=IN
E
