V 51
K 12836423990 res
|R 20:33_8-26-04
Y 1
D 0 0 20 60
Z 10
i 4
U 15 -60 10 0 3 0 PREFIX=R
U 15 -40 10 0 3 0 PINOFF
U 20 30 10 0 3 0 REFDES=R?
U 15 -70 10 0 3 0 DEVICE
U 15 -30 10 0 3 0 PKG_TYPE
U 20 10 10 0 3 0 VALUE
P 3 10 0 10 9 0 1 0
A -5 9 10 3 1 0 PINTYPE=BI
A 11 10 10 0 1 0 #
L 10 5 10 0 3 0 0 0 N1
P 4 10 60 10 51 0 0 0
A 35 46 10 1 1 0 PINTYPE=BI
A 11 60 10 0 1 0 #
L 10 55 10 0 3 0 0 0 N2
l 2 5 48 10 45
l 2 15 42 10 45
l 2 10 39 15 42
l 2 5 36 10 33
l 2 10 39 5 36
l 2 15 30 10 33
l 2 10 27 15 30
l 2 5 24 10 21
l 2 10 27 5 24
l 2 15 18 10 21
l 2 10 15 15 18
l 2 7 11 7 11
l 2 7 11 7 11
l 2 10 15 5 12
l 2 10 51 5 48
l 2 5 12 10 9
E
