V 51
K 12836423990 res
|R 20:32_8-26-04
Y 1
D 0 0 60 20
Z 10
i 2
U 15 -40 10 0 3 0 PINOFF
U 20 20 10 0 3 0 REFDES=R?
U 15 -10 10 0 3 0 VALUE
U 15 -50 10 0 3 0 PKG_TYPE
U 15 -70 10 0 3 0 PREFIX=R
U 15 -80 10 0 3 0 DEVICE
P 2 60 10 51 10 0 3 0
A 55 20 10 0 3 0 PINTYPE=BI
A 55 10 10 0 3 0 #
L 55 10 10 0 3 0 0 0 N2
l 2 48 15 45 10
l 2 42 5 45 10
l 2 39 10 42 5
l 2 36 15 33 10
l 2 39 10 36 15
l 2 30 5 33 10
l 2 27 10 30 5
l 2 24 15 21 10
l 2 27 10 24 15
l 2 18 5 21 10
l 2 15 10 18 5
l 2 11 13 11 13
l 2 11 13 11 13
l 2 15 10 12 15
l 2 51 10 48 15
l 2 12 15 9 10
P 1 0 10 9 10 0 2 0
A 3 18 10 0 9 0 PINTYPE=BI
A 5 10 10 0 9 0 #
L 6 10 10 0 3 0 0 0 N1
E
